DX_V_02001_H264_BP_L1_176x144_15fps_64kps.mp4 176 144
DX_V_02002_H264_BP_L1b_176x144_15fps_128kbps.mp4 176 144
DX_V_02003_H264_BP_L1.1_352x288_10fps_192kps.mp4 352 288
DX_V_02004_H264_BP_L1.2_320x240_20fps_392kbps.mp4 320 240
DX_V_02005_H264_BP_L1.3_352x288_30fps_786kbps.mp4 352 288
DX_V_02006_H264_BP_L2_320x240_36fps_2Mbps.mp4 320 240 2000000
DX_V_02007_H264_BP_L2.1_352x576_25fps_4Mbps.mp4 352 576 4000000
DX_V_02008_H264_BP_L2.2_720x480_15fps_4Mbps.mp4 720 480 4000000
DX_V_02009_H264_BP_L3_720x480_30fps_10Mbps.mp4 720 480 10000000
DX_V_03001_H264_MP_L1_176×144_15fps_64kbps.mp4 176 144
DX_V_03002_H264_MP_L1b_176×144_15fps_128kbps.mp4 176 144
DX_V_03003_H264_MP_L1.1_352×288_10_fps_192_kbps.mp4 352 288
DX_V_03004_H264_MP_L1.2_320×240_20_fps_384_kbps.mp4 320 240
DX_V_03005_H264_MP_L1.3_352×288_30fps_786_kbps.mp4 352 288
DX_V_03006_H264_MP_L2_320×240_36fps_2Mbps.mp4 320 240 2000000
DX_V_03007_H264_MP_L2.1_352×576_25_4Mbps.mp4 352 576 4000000
DX_V_03008_H264_MP_L2.2_720×480_15.0fps_4Mbps.mp4 720 480 4000000
DX_V_03009_H264_MP_L3_720×480_30fps_10Mbps.mp4 720 480 10000000
DX_V_04001_H264_HP_L1_176×144_15fps_80kbps.mp4 176 144
DX_V_04002_H264_HP_L1_176×144_15fps_160kbps.mp4 176 144
DX_V_04003_H264_HP_L1.1_352×288_10fps_240kbps.mp4 352 288
DX_V_04004_H264_HP_L1.2_320×240_20fps_480kbps.mp4 320 240
DX_V_04005_H264_HP_L1.3_352×288_30fps_960kbps.mp4 352 288
DX_V_04006_H264_HP_L2_320×240_36fps_2.5Mbps.mp4 320 240 2500000
DX_V_04007_H264_HP_L2.1_352×576_25fps_5Mbps.mp4 352 576 5000000
DX_V_04008_H264_HP_L2.2_720×480_15fps_5Mbps.mp4 720 480 5000000
DX_V_04009_H264_HP_L2.2_720×480_30fps_12.5Mbps.mp4 720 480 12500000
AV_TheAvengers_1080p_60fps_H264_ACC_LC_20mbps_HighProfile.mp4 1920 1080
